396 287 416 9
396 292 416 13
296 293 309 24
386 296 405 19
396 304 416 27
293 304 307 37
399 308 420 31
298 311 313 43
387 313 406 38
401 321 421 46
295 323 311 56
407 325 428 50
400 325 421 51
110 327 119 76
301 331 318 65
342 332 360 63
102 334 112 83
405 337 426 64
294 338 310 74
111 340 121 89
407 340 428 66
393 341 413 68
398 341 418 68
128 341 139 90
355 343 374 74
119 343 130 92
105 344 115 94
169 344 181 90
279 344 295 82
181 344 194 89
255 345 270 84
335 345 353 78
318 345 335 79
359 346 378 77
405 347 426 74
152 352 164 99
118 353 130 103
191 353 205 98
242 353 270 93
105 353 116 103
331 353 349 87
225 354 239 96
267 355 282 94
294 356 310 93
405 358 427 86
343 359 361 92
444 360 467 83
109 361 122 111
403 361 423 89
381 362 401 92
131 365 144 114
167 366 181 113
180 366 195 112
353 367 372 100
359 367 378 100
317 369 335 106
356 370 375 103
174 371 189 118
390 371 411 101
438 372 460 96
117 374 131 124
155 375 169 124
193 376 209 122
216 376 232 121
267 378 284 118
105 378 119 130
324 379 343 115
346 380 366 114
335 380 354 115
181 381 272 126
111 382 126 134
424 383 446 110
255 384 272 126
423 388 446 115
326 388 346 125
287 390 305 130
180 391 197 138
318 391 337 128
205 391 221 137
125 391 142 142
256 393 274 135
270 393 289 134
289 393 307 133
321 395 340 132
314 400 333 138
166 402 183 151
242 404 183 151
242 404 261 148
325 409 345 146
415 409 437 138
439 410 461 135
183 411 201 160
325 412 345 150
362 413 382 147
374 414 394 147
322 414 342 152
388 415 409 147
415 416 436 145
404 416 425 147
304 417 323 156
351 417 372 152
390 418 411 150
320 419 340 157
162 420 259 167
414 422 435 152
240 423 259 167
389 424 410 156
401 425 423 156
354 426 375 161
442 426 465 152
392 428 413 160
291 429 311 169
397 431 419 162
91 431 112 184
107 431 128 184
120 432 140 184
348 432 369 168
389 433 410 165
146 433 167 183
159 433 180 183
380 434 401 166
395 434 416 166
197 435 218 182
225 436 245 181
237 436 258 180
251 437 272 180
83 437 105 190
264 437 284 180
344 437 364 174
277 438 297 179
391 438 412 170
360 438 381 173
112 439 133 191
302 439 323 178
404 440 425 171
164 441 185 190
190 442 211 189
386 442 407 175
307 442 328 181
243 443 264 187
332 445 353 182
290 446 309 186
144 447 249 195
351 447 372 183
320 448 341 186
227 450 249 195
415 452 436 182
411 453 433 184
336 454 358 191
404 455 426 186
111 455 133 207
338 457 359 193
410 460 432 190
333 463 354 202
346 466 367 202
397 466 419 198
407 467 429 197
351 471 373 206
407 473 428 204
348 473 370 209
445 477 467 203
327 478 349 215
412 478 434 208
344 478 366 214
388 479 410 211
413 483 434 213
407 485 429 215
413 485 434 216
309 487 331 225
396 495 418 226
403 495 425 226
412 499 434 228
396 499 417 230
407 500 429 230
445 510 467 234
301 512 324 250
297 515 321 253
391 523 412 254
403 525 424 254
433 527 454 252
406 529 428 258
328 530 352 264
361 534 383 265
318 540 343 274
220 540 248 281
303 543 328 278
217 548 246 288
290 548 314 284
296 550 321 285
197 552 225 293
414 559 435 284
383 562 407 290
232 563 261 301
410 567 432 292
311 569 336 301
258 571 286 307
241 575 269 311
247 578 276 313
395 578 417 304
293 578 320 311
301 578 328 310
273 579 300 313
291 584 318 316
410 584 432 308
212 586 243 323
193 587 224 325
406 587 428 312
299 595 326 325
387 596 410 321
292 599 318 328
389 599 413 323
411 599 433 322
297 600 325 330
408 602 430 324
198 606 232 341
420 606 442 327
314 608 341 336
407 608 430 330
309 610 336 338
34 610 76 456
304 610 331 338
397 611 420 334
343 612 368 337
413 614 435 335
365 615 389 339
199 616 234 350
304 616 331 344
216 616 249 349
390 617 413 339
402 619 425 340
340 621 366 345
302 621 330 349
385 622 409 344
213 623 247 355
312 624 340 350
340 625 366 349
390 627 414 348
312 631 340 356
344 633 370 356
