123 118 112 14
426 121 425 13
425 128 424 21
457 133 457 25
126 134 116 31
236 137 230 32
345 137 343 31
393 139 392 32
383 140 381 33
427 140 427 33
431 142 431 35
385 143 384 37
436 145 436 38
345 146 342 41
394 147 393 41
382 147 381 42
342 152 339 47
410 156 409 50
378 158 377 53
375 161 373 56
410 165 409 60
425 171 425 66
381 173 380 69
364 174 363 70
407 175 407 70
297 179 294 77
284 180 280 77
258 180 253 79
218 182 212 81
436 182 436 77
353 182 351 79
372 183 370 80
140 184 133 84
433 184 433 79
112 184 104 85
426 186 425 81
341 186 338 83
358 191 356 88
249 195 244 94
472 201 473 95
435 202 435 98
428 204 428 100
429 205 429 101
99 207 91 108
367 207 366 104
370 209 368 107
367 211 366 109
410 211 409 108
366 214 364 112
428 223 428 120
434 228 433 125
356 233 354 132
467 234 467 130
183 237 178 140
324 250 322 150
454 252 454 149
321 253 318 154
352 264 350 165
284 277 282 179
159 278 154 182
314 284 311 186
273 287 271 190
435 291 434 191
348 291 346 192
432 292 431 192
261 301 258 205
328 310 326 212
269 311 267 214
428 312 427 212
243 321 240 224
243 323 240 226
326 325 324 227
224 325 221 229
352 328 350 230
403 328 402 229
325 330 323 232
435 335 434 235
341 336 339 238
368 337 367 239
418 343 416 243
331 344 330 246
344 344 342 246
396 346 394 248
414 348 412 248
249 349 247 253
340 350 338 252
252 353 250 257
390 354 388 255
413 355 411 256
420 355 419 256
370 356 368 257
410 357 409 257
335 357 333 259
320 357 318 260
362 358 361 259
418 360 416 260
432 360 430 260
340 362 339 264
437 366 435 267
438 367 436 267
371 367 370 269
307 370 305 272
428 376 426 276
287 377 286 280
419 377 418 278
428 378 426 279
390 379 388 280
423 383 422 283
340 386 338 288
251 388 249 291
288 391 286 294
317 391 315 293
295 391 294 294
329 391 327 293
279 393 278 296
340 395 339 297
421 396 419 296
297 397 295 300
274 397 273 300
377 401 375 302
390 401 388 302
321 402 319 304
176 404 176 308
297 404 296 307
410 406 408 306
390 408 388 309
414 411 412 311
332 411 330 313
372 413 370 314
309 416 307 318
342 416 340 318
261 418 260 321
256 419 255 322
376 420 374 321
411 420 409 320
321 420 319 322
403 420 401 321
252 421 251 324
414 421 412 321
391 421 389 322
436 422 434 322
335 425 334 327
412 426 409 327
329 430 328 333
407 431 405 332
375 432 374 332
326 432 324 334
336 437 335 339
318 450 317 351
436 451 433 350
261 453 260 355
326 454 325 355
404 454 401 354
439 455 436 353
152 455 153 359
371 455 370 356
443 457 440 355
274 457 273 359
286 460 285 362
390 461 388 361
197 463 197 366
445 465 442 362
394 469 392 368
391 472 388 371
434 472 431 370
391 475 388 374
208 476 209 378
415 477 412 375
362 478 360 378
153 481 154 383
442 481 438 378
391 481 388 380
397 483 395 381
361 488 359 387
366 490 364 388
262 490 262 392
435 492 432 389
185 493 186 395
298 495 298 395
201 496 203 397
289 498 288 399
301 501 300 401
71 506 75 409
329 508 327 407
311 509 310 408
288 510 288 410
233 512 234 413
327 513 326 411
278 514 278 414
194 514 195 415
293 515 293 414
274 516 274 415
355 519 353 416
321 520 320 418
377 522 375 419
415 524 412 421
67 525 71 427
279 532 280 430
164 532 167 433
70 533 75 434
415 535 412 431
367 536 365 434
79 536 84 438
173 538 176 437
434 542 430 437
391 543 389 439
413 545 411 440
314 545 314 442
325 545 324 443
373 547 371 443
371 549 369 445
403 549 400 445
379 550 377 446
271 550 272 448
227 552 229 450
415 556 412 451
236 556 238 454
348 557 346 453
419 558 416 452
390 559 388 454
101 560 107 459
412 562 409 457
416 562 413 456
415 567 412 462
215 572 217 469
332 572 331 468
102 576 108 474
165 576 169 474
127 576 132 474
377 578 375 473
258 580 259 476
281 581 281 477
329 582 329 477
435 586 431 479
430 590 427 483
137 593 142 490
178 593 182 490
321 594 321 488
236 597 238 492
309 601 309 495
361 604 360 497
336 604 335 497
233 606 235 500
338 607 338 499
325 610 325 503
351 610 350 503
348 610 346 503
351 612 350 504
279 613 280 507
365 614 363 507
415 615 412 507
270 616 271 509
316 616 316 510
303 617 303 510
196 622 200 516
446 622 442 513
