508 253 524 19
418 259 427 26
476 265 489 34
466 266 479 35
483 268 497 37
498 268 513 37
497 276 512 46
531 282 548 53
531 294 548 66
847 300 887 50
475 311 489 85
734 313 765 63
884 314 924 64
540 318 558 94
539 325 557 101
859 326 897 78
394 328 404 106
486 330 501 108
537 333 556 110
878 335 916 89
517 341 533 119
543 349 561 129
517 351 533 132
500 353 516 134
844 354 878 112
549 356 567 136
385 358 395 138
536 362 554 142
843 366 876 125
395 366 406 148
514 368 530 150
536 371 554 152
524 371 541 153
467 372 483 153
544 373 562 155
535 376 552 159
499 379 515 162
387 380 399 163
395 382 407 165
475 382 490 166
486 396 502 180
822 397 851 161
534 399 551 183
499 413 515 198
531 414 548 199
522 415 539 200
518 417 534 201
394 418 407 205
508 419 524 204
524 422 541 207
507 432 523 218
374 436 387 223
435 450 451 237
374 452 388 240
446 454 462 242
521 456 537 244
390 457 404 245
433 461 448 250
511 463 527 250
473 463 489 251
501 465 517 253
401 468 416 257
837 469 860 237
475 471 491 259
510 471 526 258
452 473 468 262
498 476 514 264
433 479 448 268
464 480 480 269
487 481 503 269
472 485 489 274
488 492 504 282
387 496 403 285
784 499 803 271
396 501 412 291
519 505 536 293
414 506 430 296
840 510 859 278
905 510 926 274
511 512 528 300
515 518 532 305
511 520 527 308
495 520 512 308
487 520 504 309
506 523 523 311
365 524 382 312
461 525 478 315
451 529 466 319
483 536 500 325
471 537 488 326
480 541 497 330
398 543 415 332
493 545 509 333
820 548 837 318
491 549 508 338
505 549 522 338
486 550 503 338
509 550 526 338
499 555 516 344
531 559 547 347
466 562 484 350
541 576 558 362
554 576 570 363
446 577 463 364
526 577 542 364
534 578 551 364
508 578 525 366
509 582 525 369
465 583 482 371
537 588 554 374
539 589 555 376
553 590 569 376
833 594 845 364
517 595 534 381
489 599 505 386
511 599 527 386
518 600 535 387
456 601 474 388
425 604 444 391
468 608 486 395
553 610 569 395
407 611 426 398
490 612 507 399
461 614 479 401
492 616 509 403
399 622 419 410
489 626 507 413
539 627 555 412
509 628 526 414
502 629 520 416
518 634 535 419
791 636 801 405
811 637 820 406
801 641 810 410
412 643 432 428
539 651 556 432
597 652 611 433
821 655 828 423
883 655 890 420
825 656 833 424
703 658 713 426
786 661 794 428
419 664 439 447
605 666 618 446
816 670 822 436
570 671 584 451
878 674 883 437
439 681 459 463
539 682 555 461
424 684 444 466
795 684 802 451
550 686 566 464
826 686 830 451
818 686 823 452
557 694 572 472
563 698 578 476
386 701 409 481
557 702 571 479
820 702 824 466
511 702 527 479
801 708 805 474
557 709 572 485
826 711 829 474
419 711 440 491
578 713 592 489
525 726 542 501
561 728 576 503
803 740 805 502
397 743 420 520
860 747 859 506
563 748 577 520
586 753 599 525
557 756 571 527
572 760 586 531
848 774 845 529
829 784 827 540
868 787 864 542
562 789 575 555
850 794 846 548
565 818 578 580
559 819 573 582
425 831 448 596
485 841 504 599
548 842 562 601
