489 274 502 18
500 282 514 27
405 285 408 29
500 287 515 33
526 289 544 35
844 297 896 19
479 300 492 50
534 306 553 56
446 307 455 57
527 308 546 58
836 308 886 33
523 311 540 62
478 315 490 68
837 318 886 44
414 318 420 70
466 319 478 73
849 320 899 47
843 322 892 49
500 325 515 79
488 326 502 81
497 330 512 85
415 332 422 87
509 333 525 89
859 335 908 63
511 336 527 93
425 338 432 93
508 338 524 94
522 338 540 95
411 341 417 97
516 344 533 102
565 347 586 104
539 349 558 107
402 351 408 109
512 353 528 113
546 357 566 116
526 362 544 122
570 363 592 124
463 364 475 123
845 364 891 98
542 364 562 126
534 365 553 126
554 374 574 136
555 376 576 139
536 377 555 139
534 381 552 144
549 386 569 149
542 386 561 150
505 386 521 151
474 388 489 152
572 393 593 158
507 399 524 166
499 400 514 167
568 400 589 166
816 402 855 145
509 403 526 171
820 406 859 150
563 407 584 174
514 408 531 176
544 408 564 175
518 409 536 178
419 410 428 176
550 410 569 176
523 411 540 180
555 412 575 179
708 414 738 156
798 416 835 160
543 418 562 185
553 418 572 186
535 419 554 186
545 422 564 190
558 422 578 190
828 423 866 167
555 424 574 192
675 428 703 172
801 428 836 173
883 437 922 179
399 444 410 215
439 447 451 219
584 451 606 217
422 455 434 226
608 455 630 222
555 461 574 227
810 464 842 214
566 464 585 231
400 467 410 239
837 468 870 216
572 472 592 239
829 474 861 224
437 475 451 248
578 476 598 244
400 476 411 251
571 479 591 246
588 483 608 252
576 484 596 252
441 485 455 260
572 485 592 254
575 488 595 257
592 489 612 258
801 489 830 243
428 490 442 266
557 493 577 266
578 494 599 263
579 494 599 263
417 499 430 275
576 503 595 272
424 505 438 281
429 510 442 287
417 513 430 289
860 513 889 262
564 515 583 285
543 516 561 286
872 520 900 269
577 520 597 290
860 521 888 271
406 521 419 298
447 523 462 299
571 527 590 297
845 529 871 281
571 536 590 307
408 539 421 316
436 542 451 320
590 543 609 314
427 545 442 323
438 546 452 324
846 548 871 301
581 551 599 322
575 555 594 327
578 557 598 329
590 569 608 341
579 570 598 341
793 572 815 329
425 572 440 350
578 580 597 351
573 582 591 352
905 584 926 332
586 588 605 359
421 588 436 366
447 588 463 367
573 593 591 364
565 595 583 365
539 595 557 365
586 597 604 368
562 601 580 371
786 611 805 369
575 611 593 381
551 611 569 382
564 612 582 382
867 612 886 363
575 620 593 390
764 620 783 380
592 623 610 394
829 625 847 380
464 626 480 402
585 627 603 397
399 630 416 408
761 633 778 392
818 633 835 389
607 636 625 406
588 640 606 409
459 642 475 418
426 644 444 421
679 644 696 403
400 650 418 427
388 651 405 428
550 651 568 420
588 652 605 421
773 653 789 411
582 653 599 422
673 654 690 412
615 656 633 425
744 657 759 415
583 659 600 428
397 661 415 438
829 663 842 416
763 663 779 421
645 664 661 422
658 665 675 422
733 667 748 425
583 667 600 436
825 667 838 421
665 669 681 426
567 670 584 438
676 671 692 428
579 671 596 440
389 672 408 448
591 673 608 441
667 675 682 432
509 675 526 443
648 676 664 433
589 677 605 445
403 677 422 453
584 677 601 445
678 678 694 435
511 678 529 445
574 678 590 446
608 679 625 447
854 680 866 432
589 683 605 450
555 686 573 453
400 689 419 464
418 689 437 465
544 694 561 461
395 695 415 469
575 701 591 468
569 702 586 469
775 703 787 461
790 703 801 458
612 704 628 471
834 708 844 458
400 710 419 484
419 716 438 490
586 717 603 482
771 728 781 483
426 729 446 502
612 731 627 495
913 739 917 481
426 745 447 517
590 750 606 511
804 750 812 500
459 754 478 523
832 754 838 501
425 757 446 527
734 760 743 515
589 767 604 528
577 783 592 541
591 783 605 542
652 785 664 537
773 786 779 536
448 792 468 557
554 803 570 558
735 807 742 557
641 808 652 557
806 809 809 552
663 809 674 558
508 811 526 565
778 813 782 559
886 813 884 550
592 815 606 569
663 815 674 564
583 815 597 570
528 817 545 571
593 818 607 572
702 820 710 568
630 820 642 568
715 820 722 568
808 821 810 564
656 822 666 570
767 822 771 568
593 823 607 576
463 826 483 587
469 826 489 588
728 827 734 575
594 828 608 580
598 828 612 581
