664 33 642 157
670 206 642 279
1471 279 1413 126
665 279 577 785
916 296 917 69
668 347 626 327
664 369 640 93
666 387 633 248
666 401 637 278
687 458 668 8
656 464 634 17
686 465 668 16
671 471 651 23
666 473 645 27
664 477 644 32
666 479 645 34
686 485 668 40
662 489 641 47
685 490 667 46
686 493 669 50
658 494 637 53
663 494 643 53
658 504 637 66
663 510 643 73
683 513 666 75
660 514 640 77
665 517 646 81
662 520 642 85
665 522 647 86
663 524 644 89
662 528 643 94
679 535 662 101
667 540 649 108
660 549 641 119
657 559 639 131
664 566 647 139
679 574 664 149
683 578 668 171
654 579 637 155
653 580 635 156
679 581 664 156
658 581 642 157
660 593 644 170
654 593 637 170
678 596 663 175
682 600 668 178
660 603 621 415
658 606 642 185
665 610 650 189
651 611 635 191
674 614 659 193
678 616 664 196
663 616 649 197
682 623 669 204
654 628 640 210
654 638 639 220
678 643 665 226
682 649 670 233
673 649 659 232
647 662 634 247
642 672 628 258
656 677 643 263
1404 680 1425 171
648 681 635 266
650 687 638 273
646 690 634 276
670 692 659 278
649 692 637 278
654 692 642 279
666 696 654 282
985 697 637 843
643 700 632 287
681 700 670 287
644 701 633 289
1202 712 949 127
648 713 636 300
632 728 623 319
633 730 623 319
656 735 646 324
636 738 626 327
632 747 623 334
650 751 641 340
655 752 645 341
1305 758 1060 483
659 760 650 347
679 788 670 376
678 789 669 378
681 789 672 378
631 800 623 387
679 802 672 390
1205 802 1111 15
616 803 608 394
641 808 634 396
674 809 667 396
962 810 944 363
632 816 625 404
628 818 621 407
642 820 635 408
632 821 625 410
679 823 671 411
650 828 643 416
653 831 647 419
645 831 639 420
622 837 617 425
617 838 611 426
642 838 636 426
654 841 648 428
1045 843 1338 871
625 845 620 432
650 845 644 431
619 848 614 435
616 853 611 441
648 866 643 453
1360 867 1345 343
1226 869 1212 350
671 873 666 458
666 873 661 459
1216 874 1202 355
678 875 672 459
616 876 612 462
1232 879 1217 358
603 888 603 475
613 888 611 474
605 890 603 475
1235 890 1218 368
677 892 672 477
635 893 632 478
1213 894 1196 374
617 894 615 478
653 896 649 481
590 899 594 483
611 900 834 1045
580 901 579 485
1461 905 1437 377
672 907 668 490
1226 908 1207 386
653 908 649 492
668 910 664 492
558 917 559 500
669 922 665 503
1219 925 1197 403
567 927 568 509
1227 928 1206 403
682 930 677 509
581 931 581 512
1244 932 1222 407
552 933 555 514
564 936 566 518
559 937 561 518
661 943 658 523
555 946 563 525
653 951 651 530
631 951 632 532
1217 953 1192 429
665 953 663 532
1218 957 1193 433
1221 957 1196 432
604 958 605 536
622 960 622 540
1220 961 1194 437
1223 962 1197 437
605 967 606 544
604 970 606 548
599 980 602 556
668 985 667 559
646 985 645 560
605 986 608 561
595 991 598 565
703 993 697 564
592 994 596 569
611 996 614 569
605 998 608 571
667 999 666 572
610 1003 613 576
614 1004 617 576
661 1006 661 578
659 1017 658 588
592 1018 598 588
658 1026 659 595
593 1049 561 655
572 1060 578 627
581 1060 588 624
665 1064 665 627
576 1065 593 618
611 1069 618 631
603 1069 609 632
594 1070 601 632
570 1072 613 595
1435 1072 1376 560
579 1074 588 636
583 1077 592 638
617 1078 624 636
586 1079 595 640
589 1080 598 640
1440 1083 1379 569
586 1084 595 644
549 1085 578 627
584 1087 593 646
557 1089 561 655
1453 1090 1390 574
571 1093 581 651
1128 1093 1084 596
583 1095 592 653
624 1096 630 654
592 1096 601 654
570 1098 581 656
596 1100 604 657
571 1101 582 658
