644 410 670 16
671 411 700 17
668 415 696 22
671 416 700 24
623 418 646 24
647 419 672 26
636 429 660 40
614 435 635 45
608 445 629 57
610 451 632 64
661 459 687 76
608 480 630 99
609 481 630 99
649 481 675 102
668 490 694 113
651 490 677 111
671 503 697 128
665 503 691 128
668 506 694 132
581 512 601 137
555 514 573 137
651 521 676 149
658 523 684 150
672 532 698 161
663 532 688 161
605 536 627 164
622 540 645 168
667 559 691 192
596 569 617 200
614 569 636 202
613 576 635 209
661 578 685 213
671 588 696 224
658 588 683 224
598 588 619 222
659 595 683 232
1084 596 1131 208
660 606 684 244
670 613 694 252
649 613 672 252
663 621 686 260
659 624 683 263
624 636 647 275
586 637 607 275
595 640 617 277
605 644 627 283
597 645 619 283
585 647 606 286
590 649 612 287
586 650 608 288
1085 652 1125 273
656 660 679 301
579 661 601 299
662 661 686 303
583 662 605 301
978 664 1011 285
579 668 601 307
661 670 685 312
581 671 603 310
558 673 581 311
550 675 571 313
558 680 580 319
646 683 669 325
539 685 561 323
595 689 617 330
650 689 673 331
523 690 545 327
999 690 1027 314
519 695 541 332
531 695 553 334
541 699 563 337
533 699 555 337
1031 702 1060 326
867 707 891 341
866 707 891 341
648 708 671 350
818 710 842 342
793 710 817 341
786 711 762 372
573 712 596 352
745 712 769 342
736 713 760 343
516 717 538 355
831 721 855 354
1363 723 1397 345
562 723 584 363
586 724 608 364
842 724 865 357
765 727 788 358
738 728 761 359
1421 729 1454 350
1333 733 1363 357
826 738 849 372
730 740 754 371
738 742 762 372
782 742 805 375
1362 745 1390 368
736 745 758 375
632 746 654 388
580 748 603 389
1385 751 1412 374
1431 754 1458 376
1383 758 1408 380
580 769 603 409
1214 772 1236 396
658 772 680 415
628 775 650 417
576 779 599 419
564 782 588 422
659 783 681 426
1409 786 1429 408
646 787 669 428
1386 789 1405 412
634 789 656 431
969 791 988 409
569 792 592 432
974 793 993 410
537 795 561 433
625 795 647 436
649 795 671 438
624 798 646 439
1049 799 1069 422
969 802 987 420
1374 802 1390 425
649 803 670 445
1400 804 1416 426
533 805 557 443
825 806 844 440
547 807 571 444
813 814 831 447
669 820 689 462
1380 821 1392 444
659 823 680 464
638 830 660 470
660 831 680 472
776 831 796 464
531 832 556 469
652 834 673 474
612 839 634 477
1396 844 1402 465
1395 849 1400 469
628 853 650 492
592 856 614 493
819 864 836 493
659 865 680 504
1261 870 1264 493
625 874 647 511
1419 876 1418 494
1422 877 1421 495
525 878 551 511
528 881 554 514
1222 882 1224 506
1265 883 1266 505
1247 884 1248 507
1431 885 1428 502
1279 887 1278 509
1232 888 1233 511
652 888 672 524
1345 889 1344 508
1262 889 1262 511
1217 894 1218 516
1311 897 1309 517
1421 902 1415 518
551 902 575 533
1236 903 1234 524
1393 905 1387 522
606 908 628 542
1243 910 1240 531
553 912 579 543
603 915 626 547
1187 915 1184 537
1158 916 1156 538
1223 916 1220 536
1115 917 1114 539
1192 917 1189 539
1185 920 1182 541
1275 920 1269 539
1329 920 1321 538
1272 921 1266 540
514 923 543 552
518 924 546 552
628 924 650 556
1242 924 1236 544
1274 925 1268 544
1237 927 1231 547
517 928 545 556
1237 932 1230 551
1229 932 1222 552
1225 934 1218 554
1213 936 1206 556
533 941 560 568
526 941 554 568
1253 945 1244 562
539 945 566 572
533 947 561 573
1248 947 1238 564
1243 948 1234 565
1265 949 1254 565
603 949 626 578
910 951 917 568
612 952 634 581
1214 957 1203 574
573 957 599 584
1290 961 1276 577
1156 963 1147 581
1276 967 1262 581
1159 969 1149 586
575 970 600 595
1241 970 1228 585
609 972 632 599
1259 973 1244 587
1266 973 1251 588
1382 977 1361 587
1227 978 1213 592
635 978 656 604
604 979 628 604
648 979 668 606
1183 980 1170 596
1232 981 1217 595
1194 982 1181 596
575 983 600 607
1255 984 1239 597
1177 984 1165 599
595 985 618 609
568 987 594 610
1168 989 1155 603
564 991 590 613
567 992 593 614
611 993 633 616
1172 995 1158 608
1282 995 1263 606
1257 996 1239 608
567 997 593 618
1210 997 1194 609
1189 997 1174 610
1215 1000 1198 611
1169 1003 1154 616
1241 1005 1222 616
1170 1009 1155 620
1208 1011 1190 622
1373 1013 1345 619
540 1013 569 632
541 1013 569 632
1182 1014 1165 625
568 1015 592 633
1305 1015 1281 623
566 1016 592 633
1237 1016 1217 625
1152 1017 1136 628
1249 1018 1227 627
1265 1020 1242 628
1441 1021 1407 624
1330 1023 1303 629
863 1024 868 635
1068 1025 1057 637
1353 1026 1324 631
665 1027 683 646
1324 1029 1297 634
1256 1031 1232 638
1239 1032 1216 639
1273 1032 1247 638
1077 1032 1064 643
1339 1033 1310 637
1192 1035 1171 643
1205 1036 1183 643
562 1036 590 651
1058 1038 1044 647
1208 1043 1185 648
1233 1043 1209 648
1190 1044 1168 650
664 1045 681 662
1044 1046 1032 654
1265 1046 1238 650
566 1047 593 661
1177 1047 1155 653
1142 1048 1123 655
1390 1050 1355 649
568 1050 595 663
559 1050 587 664
1208 1051 1184 655
1174 1053 1152 659
1185 1053 1162 659
1085 1054 1068 660
1211 1054 1186 658
1261 1055 1234 658
1046 1057 1033 664
1182 1059 1158 662
1188 1060 1164 664
1104 1061 1085 666
1163 1063 1140 667
574 1064 600 675
1033 1066 1020 672
1065 1067 1049 672
1218 1070 1191 672
1228 1070 1200 671
1048 1071 1033 676
1022 1072 1009 677
1180 1073 1155 675
1232 1073 1203 674
1189 1074 1163 675
1092 1075 1073 678
1102 1075 1082 677
1138 1075 1115 677
1192 1076 1165 677
1195 1076 1168 678
1159 1079 1134 679
1034 1083 1018 686
1242 1083 1211 682
1184 1084 1157 684
1209 1089 1179 687
1064 1089 1046 691
1130 1090 1106 689
1015 1093 1000 694
658 1093 675 702
1096 1095 1074 694
1104 1095 1081 695
1113 1098 1089 697
